0
0
0
0
0
0
0
0
0
0
0
0
0
0
0
0
0
0
0
0
0
1
5
11
17
34
69
110
150
191
236
281
324
360
401
435
469
512
548
595
635
673
717
751
798
826
859
901
956
1001
1055
1095
1146
1186
1236
1270
1315
1361
1400
1446
1480
1521
1565
1595
1632
1674
1695
1738
1785
1815
1840
1873
1923
1944
1971
1997
2031
2070
2094
2115
2158
2196
2223
2246
2268
2290
2335
2361
2393
2425
2448
2471
2507
2545
2564
2579
2599
2633
2684
2718
2739
2761
2780
2798
2821
2844
2865
2906
2934
2948
2963
2973
2991
3006
3015
3040
3067
3080
3102
3119
3141
3164
3194
3210
3228
3243
3289
3318
3337
3357
3370
3393
3413
3442
3464
3483
3501
3511
3535
3558
3574
3593
3610
3629
3651
3666
3681
3701
3715
3732
3750
3764
3775
3798
3819
3838
3855
3863
3881
3896
3906
3919
3934
3955
3971
3984
3992
4002
4005
4014
4022
4029
4036
4042
4051
4054
4067
4080
4094
4107
4124
4143
4156
4175
4195
4207
4223
4232
4240
4251
4263
4274
4285
4291
4297
4303
4309
4312
4316
4322
4331
4335
4344
4354
4359
4364
4367
4371
4378
4380
4383
4385
4388
4396
4404
4412
4423
4425
4431
4440
4447
4453
4463
4474
4480
4490
4494
4497
4498
4504
4507
4507
4511
4512
4514
4514
4516
4516
4517
4519
4522
4522
4523
4525
4525
4528
4528
4529
4530
4530
4531
4531
4531
4531
4533
4545
4548
4548
4548
4548
4548
4548
4549
4549
4549
4550
4550
4550
4550
4551
4551
4551
4551
4551
4551
4551
4551
4551
4551
4551
4551
4551
4551
4551
4551
4551
4551
4551
4551
4551
4551
4551
4551
4551
4551
4551
4551
4551
4551
4551
4551
4551
4551
4551
4551
4551
4551
4551
4551
4551
4551
4551
4551
4551
4551
4551
4551
4551
4551
4551
4551
