143
142
143
144
145
141
142
143
144
145
146
141
142
143
144
145
146
141
142
143
144
145
146
147
148
150
151
152
153
154
155
163
164
165
141
142
143
144
145
146
147
148
149
150
151
152
153
154
155
156
157
158
159
160
161
162
163
164
165
166
167
168
169
170
171
172
173
175
180
137
138
141
142
143
144
145
146
147
148
149
150
151
152
153
154
155
156
157
158
159
160
161
162
163
164
165
166
167
168
169
170
171
173
174
175
176
177
178
179
180
137
141
142
143
144
145
146
147
148
150
151
152
153
154
155
156
157
158
159
160
161
162
163
164
165
166
167
168
170
171
172
173
174
175
176
177
178
179
180
181
137
141
142
143
144
145
146
147
148
149
150
151
152
154
155
156
157
158
159
160
161
162
163
164
166
167
168
169
170
171
172
173
174
175
176
177
178
179
180
182
183
135
136
141
142
143
144
145
146
147
148
149
150
151
152
153
154
155
156
157
158
159
160
161
162
163
164
165
166
167
168
169
170
171
172
173
174
175
176
177
178
179
180
181
183
184
136
137
141
142
143
144
145
146
147
148
149
150
151
152
153
154
155
156
157
158
159
160
161
162
163
164
165
166
167
168
169
170
171
172
173
174
175
176
177
178
180
181
182
183
184
134
137
142
143
144
145
146
147
148
149
150
151
152
153
154
155
156
157
158
159
160
161
162
163
164
165
166
167
168
169
170
171
172
173
174
175
176
179
180
181
182
183
184
133
134
135
141
142
143
144
145
146
147
148
149
150
151
152
153
154
155
163
164
165
166
167
168
169
170
171
172
173
177
178
179
180
182
183
184
132
133
134
135
136
142
143
144
145
146
147
150
151
152
153
154
155
156
157
158
159
160
161
162
163
164
165
166
167
168
169
174
175
176
177
179
180
181
182
183
184
131
133
134
135
136
141
143
144
145
146
147
148
155
156
157
158
159
160
161
162
163
171
172
173
174
177
178
179
180
182
183
184
185
188
130
131
132
134
135
136
141
142
143
144
145
146
147
148
149
150
151
152
166
167
168
169
170
171
174
175
176
177
178
179
180
181
184
188
129
130
131
132
133
135
143
144
145
146
147
148
149
150
152
153
154
155
156
157
158
159
160
161
162
163
164
165
166
170
171
172
173
174
175
176
177
178
180
181
182
183
184
128
129
130
132
133
134
140
143
144
145
147
148
149
150
151
152
153
154
155
164
165
166
167
168
169
170
172
173
174
175
179
180
182
183
184
190
127
128
129
130
131
132
133
134
135
140
141
142
143
144
145
147
148
149
150
151
152
154
155
156
157
158
159
160
161
162
163
164
166
167
168
169
170
171
172
176
177
178
179
180
184
189
190
126
127
130
132
133
134
141
142
143
144
145
146
147
148
152
153
154
155
156
157
158
159
160
161
162
163
164
165
166
172
173
174
175
176
180
184
187
188
189
190
125
126
127
128
130
131
132
133
134
141
142
143
144
145
146
147
148
149
150
151
152
166
167
168
169
170
171
172
178
179
180
181
183
184
187
188
190
193
125
126
127
128
129
131
132
133
134
141
143
144
145
146
147
148
152
153
154
155
156
157
158
159
160
161
162
163
164
165
166
167
174
175
176
177
178
180
182
183
184
189
190
193
124
125
126
127
128
129
132
134
141
142
143
144
145
146
147
148
149
150
170
171
172
173
174
180
181
182
184
187
188
189
190
192
193
194
122
123
124
125
126
127
128
129
130
132
133
143
144
145
146
147
148
149
150
151
152
153
154
155
156
157
158
159
160
161
162
163
164
165
166
167
168
169
180
181
183
184
188
189
190
192
193
122
123
124
125
126
127
128
131
132
133
134
142
144
145
146
147
148
178
179
180
182
184
187
188
190
192
194
196
121
122
123
124
125
126
127
128
129
131
132
142
143
144
145
146
147
148
174
175
176
177
178
180
182
183
184
190
192
193
194
196
197
120
121
122
123
124
125
126
127
128
129
130
132
133
141
142
144
145
146
147
148
149
150
151
165
167
168
169
170
171
172
173
174
179
180
181
184
187
189
190
192
196
197
120
121
122
123
124
125
126
127
128
129
130
131
132
133
134
142
143
144
145
146
147
148
151
152
153
154
155
156
157
158
159
160
161
162
163
164
165
166
167
168
175
176
177
178
179
180
184
187
188
189
190
192
194
196
197
118
119
120
121
122
123
124
125
126
127
128
129
132
133
134
135
142
144
145
146
147
148
149
150
151
168
169
170
171
172
173
174
175
177
178
179
180
182
183
184
189
190
192
193
196
118
119
120
121
122
123
124
125
126
127
129
130
133
142
143
144
145
146
147
148
150
151
152
153
154
155
156
157
158
159
160
161
162
163
164
165
166
167
168
172
173
174
175
176
177
180
181
184
187
188
189
190
192
196
117
122
123
124
125
126
127
128
130
131
132
133
134
144
145
146
147
148
149
150
151
152
153
165
166
167
168
169
170
171
172
180
182
183
184
187
188
190
192
196
117
121
122
123
124
125
126
127
128
129
132
134
135
142
143
144
145
146
147
148
149
151
153
154
155
156
157
158
159
160
161
162
163
164
176
177
178
179
180
181
182
183
184
189
190
192
193
194
196
201
202
120
121
122
123
124
125
126
127
128
129
130
132
133
143
144
145
146
147
148
149
169
170
171
172
173
174
175
176
180
182
183
184
187
188
189
190
192
196
202
203
119
121
122
123
124
125
126
127
128
129
130
131
133
134
144
145
146
147
148
149
150
151
152
153
154
155
156
157
158
159
160
161
162
163
164
165
166
167
168
169
179
180
182
183
184
190
192
196
197
202
120
121
123
124
125
126
127
128
129
131
132
134
135
142
145
146
147
148
149
173
174
175
176
177
178
179
180
181
184
189
190
192
196
202
119
120
123
124
125
126
127
128
129
130
132
135
143
144
145
147
148
149
150
151
152
153
165
166
167
168
169
170
171
172
173
180
183
184
187
188
189
190
192
193
194
196
200
201
202
118
119
120
122
123
124
125
126
127
128
129
130
131
133
144
145
147
148
149
153
154
155
156
157
158
159
160
161
162
163
164
165
166
176
177
178
179
180
182
183
184
190
192
196
202
206
118
122
123
124
125
126
127
128
129
130
131
132
133
145
146
147
149
150
151
168
169
170
171
172
173
174
175
176
180
181
184
186
188
189
190
192
196
202
206
122
123
124
125
126
127
128
129
130
132
133
134
143
144
145
147
148
149
151
152
153
154
155
156
157
158
159
160
161
162
163
164
165
166
167
168
169
180
184
186
187
188
190
192
196
202
122
123
124
125
126
127
128
129
130
132
134
135
144
145
147
148
149
174
175
176
177
178
179
180
182
183
184
190
192
193
194
196
201
202
121
122
123
124
125
127
128
129
130
131
132
133
135
145
146
147
148
149
150
151
152
153
154
155
165
166
167
168
169
170
171
172
173
180
184
190
192
196
201
202
206
109
116
117
122
123
124
125
126
127
128
129
130
131
132
133
134
143
144
146
147
148
149
150
154
155
156
157
158
159
160
161
162
163
164
180
183
184
189
190
192
196
201
202
206
109
122
123
124
125
126
129
130
131
132
134
144
145
146
147
148
149
150
177
178
179
180
183
184
187
189
190
192
196
202
121
122
123
124
125
127
128
130
132
135
145
146
147
148
149
150
166
167
168
169
170
171
172
173
174
175
176
180
181
182
183
184
190
192
194
196
202
120
122
123
124
125
126
127
131
132
133
136
146
147
148
149
150
151
152
153
154
155
156
157
158
159
160
161
162
163
164
165
166
167
180
184
190
192
193
194
196
201
202
117
120
121
122
123
124
125
128
133
146
148
149
150
179
180
184
190
192
196
201
202
103
117
118
119
121
122
123
124
125
128
133
134
143
144
146
148
149
150
173
174
175
176
177
178
179
180
181
182
183
184
187
188
189
190
192
196
202
206
211
212
213
214
215
121
122
123
124
125
126
128
129
134
135
144
145
146
147
148
149
150
151
152
153
154
155
157
158
159
160
161
162
163
164
165
166
167
168
169
170
171
172
173
180
182
184
190
192
196
202
206
118
120
121
122
123
124
125
126
127
128
129
135
146
147
148
150
153
154
155
156
157
180
184
190
192
193
194
196
202
206
116
119
120
121
122
123
124
126
128
129
131
132
133
136
147
148
150
180
184
190
192
193
196
201
202
114
116
117
119
120
122
123
126
131
132
133
144
148
149
150
169
170
171
172
173
174
175
176
177
178
179
180
184
190
192
196
201
202
115
116
117
119
120
122
123
124
125
126
127
128
134
145
148
149
150
151
152
153
154
155
156
157
158
159
160
161
162
163
164
165
166
167
168
169
170
180
182
183
184
187
188
189
190
192
196
201
202
206
119
120
123
124
125
126
134
146
148
150
180
182
184
190
192
196
202
206
218
219
220
118
120
121
126
127
128
134
135
146
147
148
150
180
184
190
192
202
206
211
212
213
214
215
216
217
218
219
115
120
121
122
124
125
126
127
128
135
136
146
147
148
149
150
179
180
181
184
190
192
193
194
196
202
120
121
127
136
137
146
148
149
150
165
166
167
168
169
170
171
172
173
174
175
176
177
178
179
180
182
183
184
189
190
192
196
201
202
121
125
126
127
128
132
133
137
144
145
146
148
150
151
154
155
156
157
158
159
160
161
162
163
164
165
180
182
184
187
188
189
190
192
196
201
202
205
206
113
117
120
121
124
125
126
127
134
146
148
150
151
152
153
154
180
184
190
192
196
202
205
206
116
120
121
125
126
127
134
135
146
147
148
150
151
153
180
184
190
192
196
202
206
114
115
120
122
124
126
127
135
136
147
148
151
166
171
172
173
174
175
176
177
178
179
180
184
190
192
196
202
212
213
214
215
216
217
218
219
220
221
222
223
224
225
226
119
121
124
125
126
127
128
136
137
148
149
151
152
156
157
158
159
160
161
162
163
164
165
166
167
168
169
170
171
174
176
180
182
183
184
190
194
202
121
125
126
127
128
129
130
137
148
150
151
152
153
154
155
156
180
181
182
184
189
190
192
193
196
201
202
119
120
121
122
126
127
128
145
147
149
151
180
182
184
187
188
189
190
192
196
200
201
202
116
120
121
122
124
125
126
127
128
145
146
148
149
150
151
180
184
190
192
196
202
206
120
121
122
123
125
126
127
128
129
147
148
149
150
164
165
180
184
190
192
196
202
206
119
120
121
122
123
124
125
126
127
128
133
134
148
149
151
156
157
158
159
160
161
162
163
164
165
166
167
168
169
170
171
172
173
174
175
176
177
178
179
180
184
190
192
196
202
121
122
125
126
127
128
129
131
132
134
149
151
152
153
154
155
156
180
184
190
192
193
194
196
202
206
116
124
125
126
127
128
129
130
131
135
149
151
180
183
184
190
192
193
196
202
206
213
214
215
216
217
218
219
220
221
222
223
121
122
123
124
126
127
128
135
136
146
149
180
181
182
183
184
189
190
192
196
202
223
224
225
226
227
228
229
230
231
232
233
117
122
123
124
125
126
127
128
136
137
147
150
151
179
184
187
188
189
190
192
196
201
202
121
122
123
124
125
126
127
128
129
137
138
148
149
150
151
180
184
190
192
196
200
201
202
111
120
121
123
124
125
126
127
128
129
130
138
149
151
161
162
163
164
165
166
167
168
169
170
171
172
173
174
179
180
183
184
190
192
196
202
120
121
122
124
125
126
127
128
130
131
132
133
147
149
151
152
153
154
155
156
157
158
159
160
161
162
174
175
176
177
178
179
180
184
190
196
202
206
111
120
121
123
124
125
126
127
132
133
134
151
180
182
183
184
190
202
206
119
125
126
127
128
134
135
147
149
151
179
181
182
189
202
106
115
120
121
126
127
128
135
147
148
149
184
187
188
189
190
193
202
211
213
113
116
117
118
120
121
126
127
128
135
147
149
150
151
166
179
184
190
192
193
196
200
201
202
213
214
215
216
217
218
219
220
221
240
113
116
117
118
126
127
128
129
130
136
137
149
151
155
156
157
158
159
160
161
162
163
164
165
166
167
168
169
170
171
172
173
174
175
176
177
178
179
184
190
192
196
202
220
222
223
224
225
226
227
240
113
114
116
118
125
126
127
128
129
130
131
137
151
152
153
154
155
156
184
192
196
202
228
229
230
231
232
233
234
235
236
237
239
240
113
114
115
126
127
128
131
132
133
138
148
149
180
184
190
192
196
202
238
239
243
114
115
125
126
127
128
133
134
138
147
149
151
180
184
190
192
196
202
240
241
242
243
115
117
126
127
128
131
132
134
150
179
181
183
184
190
192
196
202
239
240
116
125
126
127
128
129
130
131
132
134
135
150
179
189
190
196
202
239
112
125
126
127
128
129
130
131
132
135
150
151
182
183
184
186
190
202
212
213
214
215
239
116
118
125
126
132
135
149
179
183
187
188
189
190
202
206
215
216
217
218
219
220
221
239
114
126
131
132
136
147
149
151
179
184
190
192
193
202
220
222
223
224
225
226
239
126
136
137
149
150
156
157
158
159
160
161
162
163
164
165
166
167
168
169
170
171
172
173
174
175
176
179
192
196
201
202
226
227
228
229
230
231
232
233
238
239
132
137
138
148
151
152
153
154
155
175
176
177
178
179
180
183
184
190
192
196
200
202
231
234
235
236
237
238
114
123
132
133
138
139
147
148
149
179
190
192
196
238
114
124
133
139
140
149
151
180
181
182
184
190
196
202
205
133
179
182
183
190
192
196
202
205
206
106
107
130
131
133
134
147
148
149
179
183
189
192
196
202
251
252
253
130
131
132
133
134
149
151
189
196
202
246
247
248
249
250
134
179
184
189
202
243
244
245
246
158
159
160
161
162
163
164
165
166
167
168
169
179
183
187
188
189
202
206
238
239
240
241
242
243
151
152
153
154
155
156
157
158
169
170
171
172
173
174
175
176
177
178
179
187
188
201
205
211
212
213
238
135
147
183
189
192
193
201
213
214
215
237
238
257
102
122
133
134
135
136
137
138
147
179
180
189
192
196
200
201
216
217
218
237
257
258
122
123
134
138
139
147
179
183
196
218
219
220
221
222
237
257
259
122
123
134
139
140
141
148
149
189
192
196
202
220
223
224
225
226
237
257
258
259
260
122
123
124
134
149
179
183
184
189
192
202
227
228
229
230
231
232
234
237
238
254
258
259
121
122
123
124
128
129
130
131
134
149
150
189
196
202
232
233
234
235
236
237
238
254
255
256
257
258
259
260
261
262
134
147
150
151
179
183
192
196
202
253
256
257
258
259
260
261
123
134
147
149
182
183
189
192
196
202
253
257
258
259
260
261
262
263
134
166
179
181
202
238
251
252
257
258
259
260
261
262
264
119
121
123
134
149
151
152
153
154
155
156
157
158
159
160
161
162
163
164
165
166
167
168
169
170
171
172
173
174
179
187
188
189
202
237
238
248
249
250
251
257
258
259
260
261
262
120
121
122
133
134
174
175
176
177
178
187
188
201
206
211
237
238
243
244
245
246
247
257
258
259
260
261
262
263
119
120
122
134
135
147
148
149
183
202
205
214
237
240
241
257
258
260
261
121
122
134
135
136
148
201
205
214
215
216
237
257
258
259
260
261
262
263
264
121
134
136
137
148
201
217
218
236
257
258
259
260
121
122
134
137
138
149
179
180
183
192
193
200
201
219
220
221
236
237
258
259
260
261
262
121
124
125
134
138
139
150
192
222
223
224
236
237
256
257
258
259
260
261
262
119
121
124
125
134
139
140
147
150
160
179
183
189
195
224
225
226
227
228
229
236
237
256
257
258
259
260
261
262
117
119
120
134
140
141
150
191
195
229
230
231
232
233
234
236
255
257
258
259
260
263
117
118
119
120
134
141
183
189
192
201
235
236
255
256
257
258
260
261
263
119
123
134
151
179
183
189
195
201
252
255
257
258
259
261
262
263
273
134
183
192
201
257
258
259
260
261
262
134
148
151
152
156
157
158
159
160
164
165
179
181
182
189
191
195
252
257
258
259
261
264
268
134
147
153
154
155
156
161
162
163
166
167
168
169
170
189
196
202
251
257
259
260
262
264
134
149
171
172
173
174
178
189
202
251
256
257
258
260
261
262
134
149
175
176
177
178
179
189
211
212
251
255
256
257
258
259
262
266
270
118
134
147
186
187
188
201
213
214
250
251
254
255
256
257
258
259
134
148
149
205
214
215
216
236
245
246
247
248
249
254
255
256
257
258
259
134
147
148
149
183
201
216
217
218
236
237
239
240
241
242
254
255
256
257
258
265
273
134
149
200
201
205
218
219
220
236
238
256
257
258
273
274
134
150
200
201
220
221
222
235
236
255
256
258
259
271
273
133
134
149
150
179
183
192
193
200
222
223
224
225
235
255
256
257
259
263
273
134
135
151
179
189
191
226
227
228
235
254
255
256
257
134
135
136
183
195
229
230
231
235
253
254
255
256
257
258
259
260
134
136
137
179
189
192
231
232
233
234
235
254
255
256
257
258
259
260
134
137
138
183
195
202
235
237
238
254
255
256
257
259
134
138
139
151
152
189
192
201
255
256
257
134
139
140
151
152
153
154
155
156
157
158
159
179
183
196
237
238
253
254
255
256
257
258
147
159
160
161
162
163
164
165
166
182
183
189
191
201
237
239
255
256
257
258
278
134
140
141
166
167
168
169
181
182
195
205
206
235
236
237
255
256
257
259
134
170
171
172
179
181
189
195
201
234
237
253
255
256
257
258
286
134
173
174
205
251
252
254
255
134
175
176
177
179
187
188
189
201
205
211
212
237
251
256
257
262
263
134
147
177
178
186
187
201
212
213
235
237
251
257
258
260
134
147
214
215
237
251
256
257
258
260
134
201
205
215
216
217
237
251
256
259
260
261
264
134
148
201
205
217
218
219
235
237
250
256
257
258
259
260
147
148
200
201
219
220
221
235
236
237
245
248
249
250
252
253
254
256
257
258
259
133
134
148
221
222
237
245
246
247
248
252
253
255
256
257
259
149
183
223
224
234
235
237
253
256
257
258
259
260
134
149
150
225
234
236
256
258
133
134
226
227
228
237
253
257
258
259
150
183
234
134
179
231
232
234
236
237
255
261
134
191
192
233
234
237
260
263
133
134
179
189
195
236
262
134
151
183
191
236
254
256
134
135
152
195
236
255
133
134
136
178
183
189
201
236
263
137
152
191
134
138
147
152
153
154
155
156
157
195
201
236
256
134
139
158
159
160
182
189
236
252
254
255
256
258
133
140
160
161
162
178
181
182
191
195
205
213
236
252
162
163
164
165
189
201
204
205
214
253
256
257
259
134
140
141
166
167
168
171
178
215
236
252
253
254
255
256
258
259
134
147
169
170
171
172
173
174
178
188
201
216
236
251
253
254
257
258
259
174
175
176
177
187
188
205
218
219
251
255
257
263
140
141
186
201
236
239
244
245
250
251
252
254
255
256
258
260
261
262
263
134
140
141
221
236
240
241
242
243
245
246
250
254
255
256
257
258
260
261
264
133
140
141
142
201
205
237
239
251
256
258
260
134
141
142
147
205
234
235
236
237
238
239
250
251
255
256
269
142
147
148
201
234
236
250
251
265
148
200
234
238
251
255
256
257
134
148
199
234
236
251
253
254
257
262
270
133
134
149
236
250
251
252
254
255
256
261
262
150
234
250
252
254
255
256
261
263
265
267
231
232
233
236
251
252
253
256
265
266
267
133
150
252
254
257
273
236
237
238
250
253
256
133
179
236
250
252
259
179
251
252
255
256
257
133
236
250
133
134
251
259
133
134
151
236
251
261
135
151
152
153
179
236
251
259
265
136
183
250
262
136
195
236
237
251
259
260
261
262
134
137
164
165
236
250
251
258
266
268
133
138
166
182
283
178
236
251
263
282
140
195
282
177
178
236
237
134
140
177
236
250
275
281
133
251
236
250
284
188
201
236
273
278
134
147
237
273
275
283
287
289
133
201
235
237
273
275
278
288
133
237
239
241
243
244
248
286
147
200
233
234
235
236
247
249
276
285
287
233
288
147
236
250
274
275
278
133
148
200
233
235
250
272
273
283
133
236
270
274
275
278
282
200
233
237
250
263
267
236
243
260
261
263
264
265
266
269
279
233
242
263
264
265
266
267
268
269
275
281
233
263
267
268
273
278
133
236
242
243
250
263
266
267
268
283
133
242
264
265
133
236
269
250
224
225
226
227
236
237
133
226
250
133
150
236
250
133
235
237
235
250
236
133
237
146
147
235
178
177
235
219
235
237
133
235
236
154
163
153
154
155
156
157
158
159
160
161
162
163
250
154
159
164
162
250
139
